1.229058871141369025e+00
1.500203410863623521e+00
1.288368519887990260e+01
5.277533588731726510e+00
4.003218766168060050e+00
1.738834704229594630e+00
7.844496683788919178e+00
3.508805920123112543e+00
1.720495512870863219e+00
5.186306791983937181e+00
6.579396904981583916e+00
1.971787016166845774e+01
1.268098461338692573e+01
3.285854220673546155e+00
1.973693794916385746e+00
9.510464487491786301e+00
5.224990347842866534e+00
1.530648311095873204e+01
1.018990641845525325e+01
2.084126354017076910e+00
6.906095982470083605e+00
1.015435480282720704e+01
5.503141800473409617e+00
4.083611498614544644e+00
6.295803428336480323e+00
1.787847050262471482e+00
4.978700099098825937e+00
3.808253508168924828e+00
1.881554514125457445e+01
1.399542854003926351e+01
1.487174159407564034e+01
9.876071436280295046e+00
1.031727442564903363e+01
8.881347595538759521e+00
6.709835762955692395e+00
1.680068244638916042e+01
2.179889888401312703e+00
1.126208119964445231e+01
5.191144761114121486e+00
4.581633146209016516e+00
4.249365154999153127e+00
9.461595974201399528e+00
2.162946948795808400e+00
1.240314539714515085e+01
1.743454977695339636e+01
1.500551276330302386e+00
1.923498296947302455e+00
8.235512075323836001e+00
3.793249436630451665e+00
7.323421153609497303e+00
2.187051957849831751e+00
1.702595938624092753e+00
1.213670032804677668e+01
6.924594644341311778e+00
5.912065733046751426e+00
1.593230566659756242e+01
1.240438858941917522e+00
1.305622489639099904e+01
3.997513072859417260e+00
1.472347628282901688e+01
1.053407230566166319e+01
1.930796725731794172e+00
1.051617520478488643e+01
1.914173701973662034e+01
7.476920688496322853e+00
1.126116033624220947e+01
2.731916255265530502e+00
3.731502646323321848e+00
9.751792594261496916e+00
3.105283681261504114e+00
4.693498095305399076e+00
1.032445013893492103e+01
9.253352170244987462e+00
9.035564935317097479e+00
8.681038132097103954e+00
9.218957464300110871e+00
1.472482020473158393e+01
5.205690847456116543e+00
1.038911339429397884e+01
6.051829099702409565e+00
1.900837676538142773e+01
7.310576704102477841e+00
1.404381307610180230e+01
8.452174412366698419e+00
3.724372419205107754e+00
3.333308904312231480e+00
4.835157121574504835e+00
4.318966986031504085e+00
2.024868398499252820e+00
3.446449800778396799e+00
3.951207152238686238e+00
7.383884873902492707e+00
2.730558957661495256e+00
9.814871848982358316e+00
1.979307054509084196e+01
4.360460286028690291e+00
2.109702564836094307e+00
1.326778884582108908e+01
8.812527505564201391e+00
1.205821492720804322e+01
1.444357382132742451e+00
4.223634639105513067e+00
6.075357708460618511e+00
1.118234557714241895e+01
1.046939257825185976e+01
1.057581379092557050e+01
9.185868070431650878e+00
2.480765522535910872e+00
9.994790037003120631e+00
3.510190890181726697e+00
3.863121460600428048e+00
4.109819937140625434e+00
5.403879952344743387e+00
1.219962274030207539e+01
1.137228365789913553e+01
2.283191091167390496e+00
5.355687007290439894e+00
2.753093330307928355e+00
7.281898898522199737e+00
2.846904507720587230e+00
1.019212769203581637e+01
1.174104754935459916e+01
4.182013721658383254e+00
6.730730289760987084e+00
2.475265947861866600e+00
2.372375384396922637e+00
1.000558936564617696e+01
7.922964247659459502e+00
1.026876757047952182e+01
6.438505530452410142e+00
4.567260236112872462e+00
5.510028492628724628e+00
1.296734802692766664e+01
6.728908922684674998e+00
1.404413725712668537e+01
1.889108402561536337e+01
6.843871309062521391e+00
2.569759033021695505e+00
7.810498871760852779e+00
6.259837572748873313e+00
5.657060959138403788e+00
2.821285927343045508e+00
1.294577068717898882e+01
3.136519583007188139e+00
9.015739912558750291e+00
9.469491849353028456e+00
3.096523363117327676e+00
1.153572613043276629e+00
1.110641162924377845e+01
2.021998116975472382e+00
5.842048019577439355e+00
8.168962456779777170e+00
5.294424534532640614e+00
9.460321625183835792e+00
4.975399340675017434e+00
5.562912038238631673e+00
4.588172496804575395e+00
1.892029982021030321e+01
2.138576559899632024e+00
4.124369883391815428e+00
2.130056118154928679e+00
1.697635187746260144e+01
2.792553999464552739e+00
6.866224433547142070e+00
